00|52000000|12345678901|JOSE ALMEIDA|1|JOSE.ALMEIDA156487@GMAIL.COM|1|02/02/2015|27/11/2015|ESCOLA MACHADO DE ASSIS|||76270000|BECO SEM SAIDA||||52|5212204|5|||||||00018|2|1||||||||||1|0||
10|52000000|0|0|0|0|0|0|0|0|1|||||||||2|1|0|0|0|0|1|0|0|0|1|0|0|1|0|0|0|0|0|1|1|1|1|1|1|1|1|1|1|1|1|1|1|1|1|1|1|1|1|1|1|1|1|1|1|1|1|1|0||5||||||||||||||||||10|1|1|1|1|0|0|0||7|1|0|0|0||||0|0|0
20|52000000||T01|ENSINO MEDIO 1 SERIE|1|08|00|12|00|0|1|1|1|1|1|0|0|0||||||||||||||||||1|25||0|0|1|0|0|1|0|0|0|0|0|0|0|0|0|0|0|0|0|0|0|0|0|0|0|0|0
20|52000000||T02|ATIVIDADE COMPLEMENTAR|1|14|00|16|00|0|1|1|1|1|1|0|4|0|11002||||||||||||||||||||||||||||||||||||||||||||||
20|52000000||T03|AEE|1|16|00|18|00|0|1|1|1|1|1|0|5||||||||1|0|0|0|0|0|0|0|0|0|0||||||||||||||||||||||||||||||
30|52000000|120000000000|D01|AMANDA VAZ ARAUJO|||02/11/1988|1|0|RAQUEL VAZ ARAUJO|1|76|51|5101258|0||||||||
40|52000000|120000000000|D01|22598568425||||||||
50|52000000|120000000000|D01|5||||||||||||||||||||||||||0|0|0|0|0|0|0|0|0|0|0|0|0|0|0|1
51|52000000|120000000000|D01||T01|1|1|3|6|||||||||||
51|52000000|120000000000|D01||T02|1|1|||||||||||||
51|52000000|120000000000|D01||T03|1|1|||||||||||||
60|52000000||A01|JOAO ARAUJO DA SILVA|01/01/2000|1|0|0|||1|76|21|2111300|0|||||||||||||||||||||||
70|52000000||A01||||||||||||||||||1|||||||
80|52000000||A01||T01||||3|0|||||||||||||
80|52000000||A01||T02|||||0|||||||||||||
60|52000000||A02|MARIA JOSE DA SILVA|04/03/2001|1|0|0|||1|76|21|2111300|0|||||||||||||||||||||||
70|52000000||A02||||||||||||||||||1|||||||
80|52000000||A02||T03|||||0|||||||||||||
